=== BÁO CÁO TỐI ƯU HÓA MẠNG AT&T ===

1. Tổng số demands chấp nhận (N_max): 200/200
2. Hiệu suất sử dụng Capacity trung bình: 76.20%

3. Phân bố Utilization các liên kết:
   - Nhóm 0-30%: 4 liên kết
   - Nhóm 30-70%: 20 liên kết
   - Nhóm 70-100%: 32 liên kết

4. Danh sách Demands và Tuyến đường (Paths):
Seq   | Source  | Target  | BW      | Path
--------------------------------------------------------------------------------
173   | 0       | 13      | 2.0     | 0 -> 7 -> 5 -> 13
194   | 21      | 14      | 2.0     | 21 -> 15 -> 13 -> 10 -> 14
199   | 1       | 18      | 3.0     | 1 -> 0 -> 2 -> 21 -> 18
73    | 22      | 12      | 4.0     | 22 -> 24 -> 12
91    | 22      | 16      | 4.0     | 22 -> 21 -> 15 -> 16
154   | 3       | 21      | 4.0     | 3 -> 2 -> 21
9     | 21      | 8       | 5.0     | 21 -> 15 -> 16 -> 9 -> 8
130   | 2       | 1       | 5.0     | 2 -> 0 -> 1
166   | 13      | 3       | 5.0     | 13 -> 9 -> 3
184   | 19      | 0       | 5.0     | 19 -> 20 -> 2 -> 0
4     | 24      | 4       | 6.0     | 24 -> 12 -> 13 -> 5 -> 4
41    | 20      | 21      | 6.0     | 20 -> 17 -> 21
80    | 10      | 19      | 6.0     | 10 -> 13 -> 17 -> 19
134   | 1       | 5       | 6.0     | 1 -> 6 -> 7 -> 5
149   | 11      | 24      | 6.0     | 11 -> 12 -> 24
156   | 5       | 1       | 6.0     | 5 -> 7 -> 0 -> 1
172   | 14      | 8       | 6.0     | 14 -> 5 -> 8
198   | 7       | 20      | 6.0     | 7 -> 6 -> 2 -> 20
8     | 7       | 13      | 7.0     | 7 -> 4 -> 5 -> 13
15    | 0       | 15      | 7.0     | 0 -> 2 -> 15
24    | 15      | 23      | 7.0     | 15 -> 21 -> 22 -> 23
39    | 20      | 11      | 7.0     | 20 -> 17 -> 13 -> 11
45    | 22      | 8       | 7.0     | 22 -> 9 -> 8
54    | 1       | 5       | 7.0     | 1 -> 6 -> 7 -> 5
62    | 12      | 8       | 7.0     | 12 -> 13 -> 8
64    | 22      | 12      | 7.0     | 22 -> 24 -> 12
82    | 12      | 0       | 7.0     | 12 -> 13 -> 9 -> 3 -> 6 -> 0
110   | 1       | 5       | 7.0     | 1 -> 0 -> 7 -> 4 -> 5
112   | 6       | 8       | 7.0     | 6 -> 3 -> 8
119   | 1       | 21      | 7.0     | 1 -> 6 -> 2 -> 21
144   | 10      | 1       | 7.0     | 10 -> 14 -> 5 -> 7 -> 6 -> 0 -> 1
146   | 16      | 17      | 7.0     | 16 -> 17
148   | 19      | 21      | 7.0     | 19 -> 17 -> 18 -> 21
162   | 18      | 11      | 7.0     | 18 -> 17 -> 13 -> 11
169   | 24      | 9       | 7.0     | 24 -> 12 -> 13 -> 9
171   | 1       | 2       | 7.0     | 1 -> 0 -> 2
179   | 14      | 2       | 7.0     | 14 -> 5 -> 9 -> 2
196   | 23      | 3       | 7.0     | 23 -> 22 -> 9 -> 3
0     | 2       | 9       | 8.0     | 2 -> 9
14    | 14      | 10      | 8.0     | 14 -> 10
20    | 11      | 8       | 8.0     | 11 -> 13 -> 8
33    | 5       | 10      | 8.0     | 5 -> 14 -> 10
34    | 21      | 2       | 8.0     | 21 -> 2
50    | 2       | 19      | 8.0     | 2 -> 20 -> 19
55    | 17      | 24      | 8.0     | 17 -> 22 -> 24
61    | 23      | 2       | 8.0     | 23 -> 22 -> 9 -> 2
65    | 20      | 15      | 8.0     | 20 -> 17 -> 15
67    | 19      | 5       | 8.0     | 19 -> 20 -> 2 -> 9 -> 5
68    | 13      | 15      | 8.0     | 13 -> 15
78    | 20      | 4       | 8.0     | 20 -> 2 -> 6 -> 7 -> 4
81    | 1       | 23      | 8.0     | 1 -> 6 -> 3 -> 9 -> 22 -> 23
96    | 22      | 7       | 8.0     | 22 -> 13 -> 5 -> 7
98    | 5       | 12      | 8.0     | 5 -> 13 -> 12
116   | 7       | 14      | 8.0     | 7 -> 4 -> 5 -> 14
129   | 14      | 16      | 8.0     | 14 -> 5 -> 8 -> 9 -> 16
139   | 10      | 20      | 8.0     | 10 -> 13 -> 17 -> 20
140   | 22      | 19      | 8.0     | 22 -> 17 -> 19
159   | 4       | 15      | 8.0     | 4 -> 5 -> 9 -> 16 -> 15
160   | 13      | 12      | 8.0     | 13 -> 12
174   | 20      | 5       | 8.0     | 20 -> 2 -> 9 -> 8 -> 5
175   | 15      | 14      | 8.0     | 15 -> 13 -> 11 -> 14
176   | 1       | 17      | 8.0     | 1 -> 0 -> 2 -> 17
195   | 20      | 9       | 8.0     | 20 -> 2 -> 9
3     | 3       | 19      | 9.0     | 3 -> 2 -> 20 -> 19
6     | 9       | 1       | 9.0     | 9 -> 3 -> 6 -> 1
22    | 10      | 20      | 9.0     | 10 -> 13 -> 17 -> 20
31    | 13      | 5       | 9.0     | 13 -> 5
32    | 11      | 4       | 9.0     | 11 -> 13 -> 5 -> 4
36    | 6       | 7       | 9.0     | 6 -> 7
42    | 4       | 12      | 9.0     | 4 -> 5 -> 13 -> 12
57    | 22      | 10      | 9.0     | 22 -> 13 -> 10
66    | 6       | 24      | 9.0     | 6 -> 2 -> 16 -> 13 -> 12 -> 24
71    | 13      | 7       | 9.0     | 13 -> 5 -> 7
74    | 2       | 24      | 9.0     | 2 -> 16 -> 13 -> 12 -> 24
79    | 10      | 21      | 9.0     | 10 -> 13 -> 15 -> 21
83    | 21      | 12      | 9.0     | 21 -> 15 -> 13 -> 12
94    | 17      | 1       | 9.0     | 17 -> 2 -> 0 -> 1
102   | 15      | 5       | 9.0     | 15 -> 16 -> 9 -> 5
103   | 19      | 13      | 9.0     | 19 -> 17 -> 13
106   | 22      | 20      | 9.0     | 22 -> 17 -> 20
121   | 1       | 24      | 9.0     | 1 -> 6 -> 3 -> 8 -> 13 -> 12 -> 24
122   | 12      | 13      | 9.0     | 12 -> 13
131   | 21      | 7       | 9.0     | 21 -> 2 -> 6 -> 7
133   | 8       | 4       | 9.0     | 8 -> 5 -> 4
145   | 14      | 11      | 9.0     | 14 -> 11
150   | 0       | 15      | 9.0     | 0 -> 2 -> 15
152   | 2       | 24      | 9.0     | 2 -> 21 -> 22 -> 24
155   | 20      | 5       | 9.0     | 20 -> 2 -> 9 -> 8 -> 5
164   | 11      | 5       | 9.0     | 11 -> 13 -> 5
168   | 24      | 22      | 9.0     | 24 -> 23 -> 22
177   | 24      | 1       | 9.0     | 24 -> 22 -> 21 -> 2 -> 6 -> 0 -> 1
183   | 8       | 2       | 9.0     | 8 -> 9 -> 2
190   | 0       | 20      | 9.0     | 0 -> 2 -> 20
11    | 6       | 0       | 10.0    | 6 -> 0
19    | 14      | 17      | 10.0    | 14 -> 11 -> 13 -> 17
29    | 13      | 3       | 10.0    | 13 -> 8 -> 3
30    | 14      | 5       | 10.0    | 14 -> 5
37    | 22      | 10      | 10.0    | 22 -> 13 -> 10
47    | 9       | 12      | 10.0    | 9 -> 13 -> 11 -> 12
48    | 20      | 13      | 10.0    | 20 -> 17 -> 13
49    | 6       | 17      | 10.0    | 6 -> 2 -> 17
53    | 15      | 18      | 10.0    | 15 -> 17 -> 18
75    | 14      | 10      | 10.0    | 14 -> 10
88    | 13      | 14      | 10.0    | 13 -> 11 -> 14
99    | 16      | 7       | 10.0    | 16 -> 2 -> 3 -> 6 -> 7
105   | 0       | 6       | 10.0    | 0 -> 6
111   | 19      | 6       | 10.0    | 19 -> 20 -> 2 -> 6
113   | 0       | 3       | 10.0    | 0 -> 6 -> 3
118   | 18      | 13      | 10.0    | 18 -> 21 -> 15 -> 13
127   | 10      | 7       | 10.0    | 10 -> 14 -> 5 -> 7
137   | 20      | 16      | 10.0    | 20 -> 17 -> 16
141   | 9       | 1       | 10.0    | 9 -> 3 -> 6 -> 1
143   | 22      | 9       | 10.0    | 22 -> 9
147   | 14      | 13      | 10.0    | 14 -> 11 -> 13
151   | 20      | 9       | 10.0    | 20 -> 2 -> 9
153   | 3       | 15      | 10.0    | 3 -> 2 -> 15
158   | 13      | 18      | 10.0    | 13 -> 17 -> 18
180   | 18      | 19      | 10.0    | 18 -> 17 -> 19
182   | 12      | 21      | 10.0    | 12 -> 11 -> 13 -> 15 -> 21
187   | 14      | 13      | 10.0    | 14 -> 10 -> 13
197   | 12      | 9       | 10.0    | 12 -> 11 -> 10 -> 13 -> 9
1     | 23      | 20      | 11.0    | 23 -> 22 -> 17 -> 20
5     | 5       | 9       | 11.0    | 5 -> 9
16    | 2       | 18      | 11.0    | 2 -> 21 -> 18
23    | 11      | 12      | 11.0    | 11 -> 12
26    | 19      | 20      | 11.0    | 19 -> 20
38    | 6       | 12      | 11.0    | 6 -> 7 -> 5 -> 14 -> 11 -> 12
43    | 17      | 14      | 11.0    | 17 -> 16 -> 9 -> 5 -> 14
46    | 24      | 10      | 11.0    | 24 -> 12 -> 11 -> 10
58    | 14      | 16      | 11.0    | 14 -> 5 -> 8 -> 9 -> 16
60    | 4       | 0       | 11.0    | 4 -> 7 -> 0
72    | 24      | 3       | 11.0    | 24 -> 22 -> 9 -> 3
85    | 1       | 8       | 11.0    | 1 -> 6 -> 3 -> 8
87    | 16      | 23      | 11.0    | 16 -> 13 -> 22 -> 23
92    | 14      | 11      | 11.0    | 14 -> 11
100   | 22      | 14      | 11.0    | 22 -> 13 -> 10 -> 14
104   | 24      | 23      | 11.0    | 24 -> 23
114   | 12      | 3       | 11.0    | 12 -> 11 -> 10 -> 13 -> 8 -> 3
117   | 7       | 17      | 11.0    | 7 -> 6 -> 2 -> 17
124   | 6       | 0       | 11.0    | 6 -> 0
135   | 16      | 1       | 11.0    | 16 -> 2 -> 0 -> 1
138   | 2       | 16      | 11.0    | 2 -> 16
167   | 0       | 10      | 11.0    | 0 -> 2 -> 21 -> 22 -> 24 -> 12 -> 11 -> 10
178   | 11      | 0       | 11.0    | 11 -> 14 -> 5 -> 7 -> 0
188   | 0       | 17      | 11.0    | 0 -> 2 -> 15 -> 17
191   | 1       | 16      | 11.0    | 1 -> 0 -> 2 -> 16
192   | 2       | 16      | 11.0    | 2 -> 16
193   | 1       | 23      | 11.0    | 1 -> 6 -> 2 -> 9 -> 22 -> 23
7     | 4       | 0       | 12.0    | 4 -> 7 -> 0
10    | 6       | 11      | 12.0    | 6 -> 7 -> 5 -> 14 -> 11
12    | 18      | 17      | 12.0    | 18 -> 17
21    | 24      | 6       | 12.0    | 24 -> 23 -> 22 -> 21 -> 2 -> 6
25    | 22      | 16      | 12.0    | 22 -> 17 -> 16
28    | 8       | 3       | 12.0    | 8 -> 3
44    | 18      | 12      | 12.0    | 18 -> 17 -> 22 -> 24 -> 12
69    | 2       | 13      | 12.0    | 2 -> 9 -> 13
97    | 11      | 12      | 12.0    | 11 -> 12
101   | 14      | 23      | 12.0    | 14 -> 10 -> 13 -> 22 -> 23
107   | 9       | 19      | 12.0    | 9 -> 16 -> 17 -> 19
109   | 7       | 3       | 12.0    | 7 -> 0 -> 6 -> 3
120   | 1       | 20      | 12.0    | 1 -> 0 -> 2 -> 20
123   | 8       | 22      | 12.0    | 8 -> 9 -> 22
126   | 2       | 22      | 12.0    | 2 -> 21 -> 22
132   | 15      | 5       | 12.0    | 15 -> 16 -> 9 -> 5
136   | 2       | 10      | 12.0    | 2 -> 16 -> 13 -> 10
142   | 1       | 19      | 12.0    | 1 -> 6 -> 2 -> 20 -> 19
165   | 0       | 21      | 12.0    | 0 -> 2 -> 21
181   | 24      | 0       | 12.0    | 24 -> 22 -> 21 -> 15 -> 2 -> 0
186   | 3       | 18      | 12.0    | 3 -> 2 -> 17 -> 18
18    | 19      | 0       | 13.0    | 19 -> 20 -> 2 -> 6 -> 0
40    | 3       | 12      | 13.0    | 3 -> 9 -> 22 -> 24 -> 12
56    | 13      | 10      | 13.0    | 13 -> 10
59    | 24      | 18      | 13.0    | 24 -> 22 -> 17 -> 18
63    | 22      | 13      | 13.0    | 22 -> 13
76    | 15      | 1       | 13.0    | 15 -> 2 -> 0 -> 1
77    | 18      | 12      | 13.0    | 18 -> 21 -> 22 -> 24 -> 12
86    | 2       | 17      | 13.0    | 2 -> 17
95    | 20      | 17      | 13.0    | 20 -> 17
108   | 5       | 19      | 13.0    | 5 -> 13 -> 17 -> 19
157   | 14      | 21      | 13.0    | 14 -> 10 -> 13 -> 15 -> 21
185   | 5       | 16      | 13.0    | 5 -> 8 -> 9 -> 16
13    | 3       | 22      | 14.0    | 3 -> 9 -> 22
17    | 0       | 19      | 14.0    | 0 -> 2 -> 20 -> 19
52    | 12      | 10      | 14.0    | 12 -> 11 -> 10
84    | 16      | 18      | 14.0    | 16 -> 15 -> 21 -> 18
89    | 0       | 6       | 14.0    | 0 -> 2 -> 6
90    | 9       | 22      | 14.0    | 9 -> 22
161   | 21      | 9       | 14.0    | 21 -> 2 -> 3 -> 9
163   | 21      | 20      | 14.0    | 21 -> 17 -> 20
2     | 6       | 16      | 15.0    | 6 -> 2 -> 16
51    | 23      | 14      | 15.0    | 23 -> 24 -> 12 -> 11 -> 14
115   | 22      | 7       | 15.0    | 22 -> 13 -> 5 -> 4 -> 7
189   | 23      | 1       | 15.0    | 23 -> 22 -> 9 -> 2 -> 0 -> 1
70    | 23      | 5       | 16.0    | 23 -> 24 -> 12 -> 13 -> 5
93    | 21      | 8       | 16.0    | 21 -> 2 -> 3 -> 8
125   | 19      | 24      | 16.0    | 19 -> 17 -> 22 -> 24
128   | 21      | 8       | 17.0    | 21 -> 2 -> 3 -> 8
170   | 13      | 17      | 17.0    | 13 -> 17
35    | 23      | 9       | 18.0    | 23 -> 22 -> 9
27    | 2       | 16      | 19.0    | 2 -> 15 -> 16
